-0.750671 -0.191194 
-0.620667 -0.889545 
-0.947394 -0.169664 
-0.193935 0.828004 
-0.0276023 0.423998 
1.18323 -0.0544204 
0.47005 1.18348 
1.02918 -0.543995 
0.408307 1.18583 
1.21134 0.0736244 
-1.17008 -0.0539953 
1.1949 -0.0262287 
0.638377 -0.234073 
-1.41597 0.916858 
0.070423 -0.91502 
-1.37248 -0.362138 
-0.990341 0.313851 
-0.392191 -3.19014 
-0.431735 -0.518051 
-0.422575 -1.51572 
0.190433 0.488288 
-1.00878 0.799413 
-0.589552 -1.57208 
-0.571084 1.11793 
0.0239524 1.47669 
-0.730442 0.301065 
-0.247936 0.278735 
-0.0391423 0.671874 
0.873061 -1.00062 
0.026954 2.15951 
-0.0161641 -1.51145 
-0.764202 3.02169 
-1.58412 -0.433034 
-0.0981811 -0.675231 
-0.380961 0.742258 
0.368261 0.825205 
0.550053 0.819374 
0.476284 2.09419 
-0.235451 0.39541 
1.0089 0.607132 
