0.200275 -0.451795 
-1.55653 -0.692994 
0.145277 -1.7678 
0.219909 2.35192 
4.24561 0.313319 
3.10463 1.25361 
0.554476 0.853127 
0.24392 -0.86782 
0.130685 0.779211 
1.42769 0.272655 
-1.43705 0.022062 
2.48087 -1.92494 
10.2286 0.454494 
0.639183 3.17303 
-0.104321 -0.801509 
-1.17406 -0.262431 
-0.865097 -0.105602 
-1.04258 -0.603171 
-2.73196 -0.394032 
-1.64949 -0.576977 
-1.91588 0.0486848 
5.59552 0.900534 
-1.87249 -0.780651 
-1.03397 0.739788 
-0.536803 0.740968 
-1.2126 0.915146 
-0.0837581 0.694787 
2.15738 1.40092 
0.620832 -2.36132 
-0.0944692 -1.76115 
