-0.273344 -0.270311 
-0.028657 -0.256547 
-0.942961 0.777375 
0.588178 0.643681 
0.579061 0.62229 
0.164576 0.12511 
0.299111 0.262467 
0.495964 -0.120812 
0.514589 0.409146 
0.416338 0.147195 
-0.663127 0.106536 
0.297335 0.0402696 
0.170709 -0.379266 
0.00713374 0.331132 
-0.0359325 -0.192374 
-0.452214 -0.0891238 
-0.207509 -0.151586 
-0.886365 -0.950941 
-0.105508 -0.315632 
-0.508633 -0.705034 
0.222847 0.58872 
-0.589276 0.980805 
-0.447414 -0.210121 
-0.317936 1.49601 
-0.566556 0.522362 
-0.177246 0.686945 
-0.569456 0.359231 
-0.134133 -0.0147602 
0.746054 -0.702373 
0.124156 0.358472 
0.342562 -0.395913 
-0.430112 -0.0120078 
-1.86788 -0.324148 
-0.0358716 -0.275112 
-0.0286489 0.781148 
0.24729 0.528599 
0.695829 0.961441 
0.285633 0.311391 
-0.439023 0.280337 
0.876291 0.529371 
0.210258 -0.152293 
0.437726 0.477391 
0.0790381 0.207812 
-0.0884366 -0.274359 
0.346569 -0.641574 
-0.530435 -0.659538 
-0.31491 -0.112473 
0.462655 -1.03958 
-0.988514 -0.202529 
0.383424 -0.457575 
0.0252844 0.201602 
0.581313 -0.542324 
0.252935 0.282371 
-0.499322 -0.582743 
-0.254482 0.579739 
-0.127265 -0.361237 
-0.849362 0.431758 
0.141964 -0.0539365 
-0.928561 -0.395442 
0.540791 1.18441 
-0.447028 -0.121217 
0.283782 0.158435 
0.478619 -0.525539 
-0.38047 0.266067 
-0.0450834 0.307418 
0.00230769 0.379531 
-0.0755367 -0.397288 
0.130968 -0.252736 
0.213303 0.233699 
-0.0263283 0.508308 
-0.866516 -0.919258 
-0.0748195 0.215296 
-0.308162 -0.36201 
0.366157 0.190433 
0.711479 0.315568 
-0.037691 0.241762 
0.82397 -0.538925 
-0.370382 -0.419282 
-0.853643 0.979358 
0.18078 0.0316928 
-0.151285 -0.344238 
-1.20036 -0.487934 
0.083012 -0.455452 
0.589262 -0.667897 
-0.73397 0.116399 
0.31307 0.557159 
0.493443 0.753591 
0.434142 1.21525 
0.43971 -0.518446 
-0.54858 -0.481161 
0.0386576 -0.30201 
-0.615953 -0.674989 
0.350741 -0.575982 
0.498932 0.506885 
0.488524 0.567989 
0.232015 0.332315 
-0.382174 -0.124524 
0.0356749 -0.523184 
-0.618479 0.441086 
0.344516 -0.356331 
-0.418173 0.800129 
0.279091 -0.135359 
0.404437 -0.180594 
0.265997 -0.326871 
-0.43031 -0.210096 
0.309322 -0.286581 
-0.434746 0.581271 
0.557672 0.590977 
0.806313 0.679574 
0.335345 0.806018 
0.367011 -0.345494 
-1.0016 0.977949 
-0.0389867 0.256431 
-0.165691 0.574502 
0.188835 -0.0346717 
-0.272416 -0.265618 
0.155773 0.466281 
-0.455805 0.415483 
-0.0688618 0.330443 
0.258842 0.260264 
0.660379 -0.764678 
0.0186285 0.145305 
0.216053 0.687116 
0.472746 0.328237 
0.193267 0.427096 
0.0156734 0.306498 
0.128639 -0.242394 
0.233232 -0.132772 
