0.254861 0.0982802 0.544859 0.502645 0.124155 0.208141 -0.114003 -0.00519246 0.463899 -0.574331 -0.247643 -0.42139 -0.752495 -0.359219 0.487448 -0.540188 -0.648838 -0.193258 0.527297 -0.446995 -0.481861 0.0790142 0.851131 -0.454728 0.329602 0.352838 -0.447078 0.119307 -0.258237 0.778627 -0.138672 -0.48808 -0.886195 0.422592 0.909493 0.345847 -0.803945 0.127508 0.602916 1.00187 
-0.917981 -0.314406 0.268856 0.145765 0.648079 -0.448354 -0.955613 0.334391 0.143977 0.657323 -0.745593 0.777185 0.0164474 -0.745129 0.108458 -1.80796 0.664329 0.06713 -0.128388 0.604611 -0.731282 -0.9813 -0.271594 1.24405 -0.371471 -0.38114 0.413037 0.198731 0.914759 0.279471 0.298932 0.808765 0.590874 -0.574426 -0.46226 -0.371096 -0.642347 0.807604 0.743037 0.243119 
-0.306568 -0.830928 -0.956603 -0.827553 -0.0119037 -1.00626 0.523298 -0.955014 -0.408889 0.0136465 0.184327 0.530305 0.995387 0.142455 0.823942 0.396662 0.448852 -0.333752 -0.735804 -0.469578 -0.0512119 -0.547242 -0.590933 -0.750792 0.397825 -0.740867 0.918031 0.0526624 0.474531 0.717264 0.111866 0.347159 0.489735 -0.19082 0.00951016 -0.874872 -0.780952 0.319023 0.491621 -0.338785 
-0.498064 0.443483 0.239928 -0.39939 0.493129 -0.142895 -0.00592234 -0.598354 -0.470952 -0.469642 0.948063 -0.441134 -0.204593 0.302843 0.63129 1.26123 0.622344 1.62059 0.466969 0.969135 0.489932 -0.444924 -0.554801 0.767239 -0.0448724 0.654977 -0.648443 -0.103638 1.08943 -0.363371 2.30448 -0.398528 0.534073 0.965285 -1.57237 -0.0366288 -0.253534 0.676802 0.692443 -0.0725956 
0.69407 -0.78573 0.0747665 0.000150118 0.433707 0.825267 0.959013 0.528246 0.206587 0.398669 -0.133126 0.258509 0.256106 -0.363847 0.14385 -0.0673612 -0.62501 -0.95553 0.784278 -0.089148 0.297203 -0.538972 -0.894065 0.408273 0.879991 -0.975629 0.68437 0.154369 -0.386022 -0.637135 0.782738 0.729437 -0.35368 0.504238 -0.658298 0.0430669 -0.131902 -0.846928 0.23437 -0.0438865 
0.892273 -0.754628 0.182271 0.266263 0.0765331 -0.596989 0.604109 -0.393132 0.271369 0.509348 -0.850596 0.689091 0.286732 1.16501 -0.2029 -0.37956 0.193426 1.03691 0.98794 -0.384627 0.727525 0.0320304 0.681988 -0.665281 0.573306 0.0294215 -0.160578 0.2483 -0.0440047 -0.273754 -0.977508 0.48313 -0.0158359 -0.221859 -0.104906 -0.160971 0.277937 -0.525096 0.862474 0.662552 
-0.69104 0.820927 0.970855 -0.596198 0.676849 0.120956 0.506829 -0.325535 -0.673228 -0.249196 0.428564 -0.464967 0.835241 0.661039 -0.305411 -1.01521 -0.414782 -0.860279 -0.250307 0.109784 -0.00110371 0.78969 -0.06906 -0.857178 0.398522 -0.11204 -0.666002 -0.812017 -0.497902 0.896845 -0.580477 -0.48097 -0.0216589 0.781614 -0.323398 -0.401995 -0.409234 0.748023 0.979455 0.886979 
-0.428176 -0.948265 -0.449122 0.638555 0.147891 -0.24923 0.827783 -0.0218518 -0.289141 0.222222 -0.952698 0.35775 0.804028 -0.7681 0.346784 -1.5038 -0.916403 1.8903 0.600577 -0.518321 -0.597757 0.447366 -1.11934 -0.32471 -0.987872 0.107185 -0.0828149 0.946858 0.310957 0.972401 0.374366 0.284192 -1.46305 0.137119 -0.821351 0.128119 0.0383175 -0.1719 -0.557861 0.632426 
0.316536 -0.958164 0.0678243 0.0247294 -0.0754118 -0.341384 0.884588 -0.909636 1.03473 -0.836295 0.332333 0.221342 -0.989402 0.870619 -0.6801 0.224483 0.685028 -8.28113 0.447329 -1.30373 -0.355067 -0.610441 -2.57542 -0.712605 0.712872 -0.892359 -0.282353 -0.334614 -1.08377 0.970539 -2.52807 1.02838 -0.98427 -1.59254 -0.112737 -0.23726 0.414605 0.275995 -0.0449725 -0.526686 
-0.95571 0.0406472 0.564289 -0.879668 -0.591749 0.354707 0.933922 0.834124 -0.102092 0.420536 0.036174 0.364119 0.744528 0.118439 0.711494 0.334717 -0.386152 -0.109382 -0.339963 0.710824 0.743846 0.844234 0.91429 -0.278096 0.335136 -0.392888 -0.188519 -0.882888 -0.825669 -0.264909 -0.0324135 0.601472 -0.512113 -0.53996 0.705107 -0.605939 -0.434676 -0.285879 0.187112 -0.85957 
0.147054 -0.504949 1.13329 1.0733 1.04694 1.8429 0.818044 0.711234 -0.12277 0.905112 -1.55536 0.603084 0.695552 -0.72075 -0.376946 0.578731 1.11304 0.00487705 -0.394517 0.907098 -0.479271 0.919908 -2.00216 0.268024 -0.276919 0.341106 0.241106 -0.558489 1.2353 -1.43448 0.533761 2.17293 1.82577 0.581048 0.0327061 1.04849 0.686831 -0.499025 -0.00890426 -0.238539 
-0.425147 0.167231 -0.897349 0.632048 0.0318286 1.01272 0.34491 -0.0925937 0.173097 0.682627 0.633528 -0.809317 -0.469901 0.0882883 0.311641 -1.11976 0.44956 -1.22417 -0.343103 -0.84084 -0.97808 -0.801873 -0.912218 -0.662935 -0.773938 0.113747 0.669433 0.266357 0.762125 -0.802658 -1.13597 0.992167 -0.413404 -0.943328 -0.894549 0.244495 0.550291 0.73535 -0.727793 0.874811 
0.0750077 0.900832 -0.751908 0.240105 0.369258 -0.911475 -0.998268 -0.570432 0.43403 -0.30103 1.04774 -0.710177 0.460001 0.0908835 -0.715438 0.261557 0.672254 2.45187 0.664136 -0.876419 0.773411 -0.0772541 -0.524018 -0.610466 -0.912689 0.748942 -0.822561 0.539701 -0.712477 0.728813 0.034179 0.101324 -0.0340056 0.972188 0.700478 -0.0481176 -0.710762 -0.74801 0.78744 0.879201 
0.203936 0.642652 0.964006 -0.738963 0.345207 -0.84154 -0.191378 0.482559 0.98936 -0.0687877 -0.636116 -0.834825 0.0184822 1.06415 0.0159885 0.562558 -0.749862 1.68285 0.0541422 0.292668 1.09592 1.01108 -0.715072 -0.648437 -0.45496 0.141661 0.0862507 -0.779542 0.66018 -0.301637 -0.739213 0.779752 0.766349 0.0470366 0.380913 -0.819251 0.398163 -0.349261 0.776352 -0.257234 
-0.588926 0.66774 0.397988 -0.305504 -0.155205 0.855388 -0.684112 -0.527662 0.283019 0.395643 -1.22846 0.884478 0.765526 -0.0928038 0.584724 -0.249486 0.938728 -0.27585 -0.249645 -0.179249 0.0854208 0.0684018 0.643826 -0.482584 0.733732 0.0374391 0.390933 0.671916 0.109385 -0.882709 -0.146668 0.643813 -3.43588 -0.379296 -0.793296 -0.165581 -0.375815 0.0670349 0.3535 0.923392 
-0.125714 0.0733102 0.22574 -0.799153 -1.09075 -0.512313 -0.0078101 -0.611771 -0.163353 0.519041 0.14839 0.348547 -0.914129 -0.906936 -0.624173 0.620616 0.549848 2.97249 -0.346148 -0.822088 0.84761 -0.822604 -0.484831 0.804104 0.0225772 0.66484 0.889969 -0.340591 -0.203049 -0.781451 0.55171 -0.102743 -0.870278 -0.174878 -0.250554 -0.717888 0.68134 -0.229362 -1.03994 -0.544152 
0.653232 -0.062474 -0.955069 -0.513414 0.281632 -0.702279 0.675861 -0.195615 -0.313659 -0.509045 -0.74667 0.694278 -0.258338 -0.265446 0.545922 0.260469 0.420701 0.314795 -0.964773 -1.02499 0.0922364 -0.575417 0.345126 -0.0407762 -0.453333 -0.586986 0.448267 -0.951734 0.371301 0.775884 -0.0181461 -0.172248 0.29669 0.478497 -0.819275 0.723228 0.441652 0.873822 -0.871758 -0.458306 
0.466033 0.943248 -0.0960198 0.871974 0.611468 -0.844151 -0.311534 -0.750429 0.52903 -0.774041 0.119471 -0.153143 0.420728 0.284598 -0.106755 -0.918011 0.099437 -0.383656 0.674536 0.524536 -0.773337 0.9296 -0.639214 -0.465961 -0.654371 0.9741 0.484095 -0.899183 0.761178 -0.441386 -0.00862406 0.904585 0.690649 0.640925 -0.681488 0.413248 0.481295 -0.349409 -0.32925 -0.278572 
-0.586113 0.0247742 -0.219833 -0.844069 0.888546 0.888713 -0.966091 0.207493 -0.674089 0.148933 -0.0898576 0.00305587 0.219794 -0.281455 -0.10689 -0.867106 -0.840795 0.236566 1.136 1.65735 -0.293084 -1.05064 0.842998 -0.501872 0.68582 -0.317381 0.625223 -0.315552 -0.122629 0.363512 0.374423 0.256189 -0.122146 1.27619 -1.0753 -0.175792 -0.789118 -0.702717 0.172363 0.364126 
0.883509 -0.771333 -0.746655 1.01626 -0.656253 1.20557 0.476305 -0.221592 1.04753 0.164196 0.375792 0.244513 0.462917 -0.613716 -0.366153 0.351878 -0.296664 0.648853 0.37906 -0.776766 0.265275 -0.0296287 0.502544 -0.359354 -0.998662 0.177495 0.356699 -0.643961 0.42073 -0.673329 -0.583328 -0.179063 -0.419251 -0.274846 0.404874 0.326622 -0.102086 -0.328379 0.106705 0.648872 
0.805595 -0.568519 -0.988495 -0.770595 -0.569679 0.133991 -0.110273 0.471175 -0.885301 -0.468797 0.172494 0.112697 0.834257 -0.29332 0.626493 -0.994056 -0.0983951 0.678523 0.551485 -0.388673 0.85317 -0.520785 0.86122 -0.357751 -0.349722 -0.616558 0.393555 -0.766444 0.3062 -0.117437 0.588879 0.799184 0.137517 0.622743 -0.181212 0.67187 0.526062 0.69598 0.503282 0.98908 
-0.858102 -0.0112456 -0.282929 0.0592407 -0.441583 -0.99213 0.70137 -0.399994 0.831638 0.695137 -0.698315 -0.267833 -0.502214 0.19837 0.0885291 -0.736155 0.614023 0.322403 0.331132 0.211241 0.897497 0.940427 -0.991247 0.591082 0.309463 0.635038 -0.752733 -0.214972 -0.917871 -0.970114 -0.614749 0.471627 0.0988462 -0.129819 -0.262516 -0.0521483 -0.201245 0.0282773 -0.950408 -0.278997 
0.848033 0.295364 -0.539401 0.894207 -0.0185696 0.356914 0.522671 -0.427602 -0.729359 -0.634862 -0.109741 -0.743339 -0.149281 0.488965 -0.00240989 0.0539052 0.520424 -0.430533 0.98058 -0.0399856 -0.331024 0.329854 -0.27199 1.1312 -0.63244 -0.629407 0.708026 0.120591 0.697871 0.173322 -0.0303957 0.335411 0.603566 -0.840725 -0.916508 0.250821 -0.568093 -0.909341 0.410591 -0.45973 
0.984707 0.524762 -0.11181 -0.114874 0.0974804 0.0610342 -0.770258 -0.416145 -0.232101 -0.848541 -0.187524 0.111914 -0.982 -0.639438 -0.104018 0.695666 -0.632074 1.29804 0.857284 0.39895 -0.12222 0.335954 0.384804 -0.530313 -0.291756 0.219525 0.541449 -0.877328 0.0393495 -0.40372 0.601065 -3.53616 -2.18328 -0.767907 0.354969 -0.928656 -0.923911 0.78457 -0.158551 0.321073 
-0.513734 -0.402291 -0.475863 0.208918 0.847665 0.163073 0.225975 0.915865 -0.114716 0.616849 -0.179377 0.915972 0.605294 0.345089 -0.944788 -0.354807 -0.479499 -1.94962 -1.00227 0.0312312 0.92688 0.955024 -0.0349064 0.945114 -0.0107754 0.515182 -0.411585 0.15433 0.104679 1.20843 -0.641169 -1.74114 0.611189 0.32123 -0.0271526 0.275771 0.670051 0.309672 0.978416 0.555455 
-0.34159 0.606967 -0.540775 0.543362 0.83695 0.924726 0.207659 -0.671984 0.263937 -0.167442 0.300315 0.419748 -0.752773 -0.466967 -0.573983 0.173334 -0.945835 -0.131309 -0.343991 0.292251 0.255408 -0.991617 0.352712 -2.08927 0.589659 -0.591443 -0.9603 0.519706 1.42155 0.841699 -0.894192 -1.8793 -0.658721 -0.33803 -0.359972 -0.58409 -1.00969 -0.210224 0.589709 -0.271107 
-0.426591 0.475866 -0.201823 -0.806762 1.40104 -0.927496 0.711335 0.611786 0.213169 0.113047 -0.956283 -0.304087 -0.389264 1.24987 0.0881731 -0.218488 -0.878357 -0.967466 -0.703874 -0.869301 0.22401 1.38861 -0.553362 0.82715 0.452566 0.650845 0.409636 -0.759229 -0.529098 -0.581953 0.504105 -0.78015 0.0412123 -0.176601 -0.00632025 0.0803628 -0.92865 0.198167 -0.710203 0.992303 
0.431952 0.717967 0.678622 -0.950525 -0.180476 -0.407863 -0.306578 0.478019 -0.0615039 0.652522 -0.399302 -0.499138 0.468166 0.615448 -0.591614 -0.0555066 -0.638044 -0.495708 0.278289 -0.927608 0.472247 -0.608999 -0.578059 -0.372124 0.114508 -0.214815 0.0851967 0.932686 0.99211 -0.779037 1.0041 0.87073 -0.166268 0.26957 -0.627938 0.326628 -0.453637 0.270714 -0.407935 0.0501869 
-0.250771 0.61083 0.189229 -0.151256 -0.276759 0.561448 0.348699 -0.611142 0.348692 0.757238 -0.123535 0.268821 -0.162114 -0.150228 0.0613432 0.541974 -0.683248 -0.260216 -0.921376 0.139651 0.0155113 -1.04062 -0.290764 -1.06305 0.462435 0.0840308 0.837554 -0.0659818 -0.889193 -0.962388 0.739957 -0.223276 0.349555 -0.762032 0.796088 -0.365961 0.398171 -0.191294 0.0365979 0.98878 
0.812923 -0.0178184 0.0690904 0.895034 -0.344966 0.458012 -0.984676 -0.530469 -0.278571 0.597955 0.462302 -0.449444 -0.333193 0.42592 0.116282 -0.289707 0.890626 0.850267 -0.0836578 -0.951048 -0.102388 0.586663 0.750638 0.408137 -0.865693 -0.389358 0.41545 0.450701 0.391645 -0.423084 0.658327 0.614522 -0.636365 0.157112 -0.298581 0.687068 0.235939 -0.22324 -0.879357 0.725474 
0.979416 0.689533 -0.0963615 0.244084 -0.535166 -0.967187 0.934078 -0.647247 -0.475917 -0.818914 -0.537912 -0.876365 0.0829529 0.681437 0.20286 -0.328068 0.718178 0.460562 0.432957 -0.0564827 0.424181 0.973526 0.112061 0.0734828 -0.7883 -0.633506 -0.903508 -0.163442 0.962906 -0.276537 0.917048 0.18595 0.872337 0.411325 -0.207741 0.386639 0.583978 0.0933149 0.791419 -0.787795 
-0.551923 -0.494055 0.325743 1.3693 0.0935477 0.0301926 0.247009 -0.547038 0.439571 -0.76883 -0.819407 0.0187713 0.684862 -0.185551 -0.937048 -0.889273 -0.110766 0.849105 0.758549 -0.942831 -0.389809 -0.516404 0.545237 0.897709 0.954954 -0.732261 0.773024 -0.236978 -2.8478 -0.431729 0.750822 -0.301767 -0.47508 -0.465677 -0.477072 0.503106 -0.0592775 -0.943109 0.448681 1.31332 
-0.994324 0.400483 0.380062 0.789471 0.609981 -0.14278 0.452679 0.0444875 -0.578512 -0.188009 -0.669229 -0.192771 0.324576 -0.222005 1.01748 -0.670799 -0.428298 0.0786351 0.893724 -0.537426 -0.837353 -0.993578 0.652059 -0.812145 -0.194504 0.0875779 -0.646948 -0.365018 1.20378 -0.315418 1.32795 -0.96016 -0.848834 -0.861697 0.625027 0.954725 0.581936 -0.561021 -0.599721 -0.3669 
-0.999451 -0.431594 -1.00937 -0.29086 -0.33079 -0.150671 0.589127 -1.00388 0.828344 0.729519 -0.352526 0.696709 -0.115442 -0.232133 -0.64214 -0.332291 -0.673375 0.620942 0.437788 0.741878 0.0711504 0.448594 -0.489301 0.765627 0.338467 0.401245 0.10089 -0.889127 0.52527 -0.975944 0.457161 -0.0516693 0.133132 0.280524 -0.0181281 0.931571 0.198899 -0.705981 0.381261 0.499249 
-0.248236 -0.890724 0.802896 -0.128327 0.791202 -0.165404 -0.268379 -0.74603 0.0311474 -0.569658 0.367039 -0.19603 0.509163 0.318661 -0.816095 0.587236 -0.745433 -0.709123 0.402694 0.16338 -0.756868 -0.638073 -0.0270701 0.838663 0.727497 -0.965302 0.508077 0.934119 -0.884966 -0.0907623 0.0652155 0.0369498 0.428929 0.35413 0.883639 0.752583 -0.874043 -0.264307 -1.02192 0.0235216 
0.61869 0.389175 -0.217379 -0.469749 -0.128255 -0.474367 0.599533 0.245125 -0.559407 0.479545 0.335853 -0.593932 -0.150009 -0.919668 0.75342 1.30374 -0.301295 3.33248 0.55181 -0.468761 -0.452455 -0.311114 1.03977 -0.77755 0.723705 -0.384188 -0.384188 0.0357897 -0.00340406 0.664106 0.205277 0.103586 1.14392 -0.414606 0.565811 -0.806675 -0.153592 0.870701 -0.754188 -0.605687 
0.65508 -0.189478 0.149188 0.50352 -0.477831 -0.589238 -0.356026 0.265018 -0.606026 0.0233976 0.0278859 0.409528 0.709801 0.620513 0.702638 -0.0412851 -0.804997 -0.552181 -0.219478 -0.417714 0.0833006 0.158522 -0.632355 0.261918 -0.859244 0.20924 0.37924 -0.42076 0.442974 -1.01752 -0.390543 -0.717013 1.28215 -0.968433 0.707494 0.62352 0.88352 0.136267 0.39358 -0.127931 
-0.0583114 -1.00132 -0.906757 0.279418 0.220926 -0.773228 0.0493678 0.391684 -0.153847 -0.152845 0.378325 0.977786 0.0808367 -0.612592 0.0309576 -0.722384 0.608523 0.279934 -0.901272 0.11261 -0.0108734 -0.218532 0.912916 -0.951383 0.0814468 -0.976055 -0.205634 0.301313 0.591152 0.514503 0.353013 0.521535 0.190176 0.589706 -0.589543 -0.813404 0.258996 0.498168 0.320486 -0.385416 
0.677018 -0.0602457 -0.473132 0.838267 -0.430913 0.464961 0.694542 -0.191498 -0.847663 -0.793468 -0.301242 0.548616 -0.551463 0.877296 -0.437056 0.363606 -0.924632 -0.922895 -0.891546 -0.448522 -0.60811 0.676912 0.652528 -0.270994 0.734264 0.280445 0.562587 0.0412791 0.395372 0.898353 0.771762 -0.627838 -0.94016 -0.0372792 0.327535 0.774652 -0.0732993 0.678779 -0.854049 0.22863 
-0.309809 0.867146 0.0462856 -0.942858 -0.722108 -0.851954 -0.70364 -0.455023 0.157545 0.735728 -0.946145 0.886838 0.847843 -6.01231 -0.133119 0.62745 0.689941 0.503177 0.918973 0.276976 0.270854 -0.736164 -0.0211338 -1.71394 -1.75397 0.187166 -0.979281 0.267803 0.956953 -0.384118 1.22992 -0.691382 -0.2842 0.351887 0.310731 -0.630939 0.559705 -0.355152 0.66388 0.016999 
