0.324843 -0.514764 -0.664794 0.121169 -0.755058 -0.652661 -0.0811809 -0.759695 -0.198586 0.870576 0.312098 0.875713 0.65181 0.873611 0.485038 0.207957 -0.623974 0.29685 0.85714 0.890287 0.159714 -0.34711 0.417337 0.0621847 -0.0500881 0.0818144 -0.202156 -0.297072 0.400609 -0.805034 
-0.290256 -0.405892 -0.617675 0.939858 0.324107 -0.720693 -0.837083 -0.323159 0.356147 -0.801115 -0.365164 -0.0372762 0.66122 -0.406306 0.254443 0.448378 -0.512154 0.703352 -0.300637 0.832572 -0.177746 -0.592564 -0.573613 0.379449 0.90559 0.0794891 -0.932513 0.0298469 0.474246 0.90525 
-0.902829 -0.154532 -0.00810814 -0.044833 0.499791 -0.460963 -0.987868 0.312004 -0.0668466 0.379143 -0.104113 0.76511 0.0188501 -0.717233 0.201601 -0.154187 0.903234 0.306124 -0.750025 0.765503 -1.03281 -0.92602 -0.0438896 0.993058 -0.280711 -0.344809 0.459153 0.239255 0.891966 0.305423 
-0.00580189 0.145269 0.754058 -0.562157 -0.674367 -0.40865 -0.72539 0.774872 0.76012 0.117816 -0.376105 -0.946565 -1.27015 -0.887014 -0.125945 -1.06606 0.495446 -1.03621 -0.51741 -0.0570777 0.193596 -2.916 0.91467 0.080826 0.725555 0.381245 0.393315 -0.519273 -0.782788 -1.05952 
-0.0399807 -0.585602 -0.664974 -0.597622 0.448673 -0.744568 0.984267 0.112342 0.592586 0.772012 0.100139 0.355157 -0.489923 -0.148302 -0.0295063 -0.931158 -0.952027 0.311014 0.454964 -0.436194 -0.500415 0.592801 0.249997 -0.0250124 0.804688 -0.138286 0.294703 -0.455127 -0.153615 -0.362356 
0.683528 -0.497693 -0.613146 1.77685 0.567463 0.468439 0.682194 0.608995 0.556093 0.586166 0.40596 -0.408278 -2.52614 3.53946 -0.250817 0.768599 -0.636975 -0.217628 -2.01662 -0.480617 -0.536588 -2.32271 0.139225 1.34573 -0.654239 2.06209 0.00899491 0.977128 0.57756 0.018137 
0.739171 -0.779016 0.147337 0.584568 0.811093 0.875288 1.07476 0.63665 0.374282 0.55468 -0.0910519 0.359334 0.679965 -0.0838401 0.175269 -0.0413121 -0.803913 -1.23374 0.78733 -0.121049 0.33635 -0.894092 -0.84155 0.456647 0.929677 -0.893375 0.763504 0.234511 -0.417938 -0.585298 
0.723993 0.784732 -0.311782 0.586163 -0.256623 0.189282 -0.00135428 -0.700176 0.41015 0.028645 0.815402 -0.702709 0.235025 0.441608 0.0446845 -0.62978 0.561501 -0.42802 0.230439 0.512835 -1.00642 0.673576 0.272907 0.181806 -0.246833 -0.444494 0.0360599 1.08997 1.06115 -0.331968 
0.609066 -0.390963 0.648391 -0.919496 0.4496 -0.00216906 -0.18948 0.223094 0.0104652 -0.0761825 -0.965134 -0.393939 -0.588832 -0.844717 -0.254694 -0.219136 0.223893 -0.501286 0.704681 0.654023 -0.694204 0.827535 0.93817 -0.672364 0.630407 0.0634968 0.46328 -0.361538 -0.695106 -0.280996 
0.417427 -0.545561 0.753261 0.592655 -0.254651 -0.980287 -0.346157 -0.403441 -0.170727 0.146596 -0.0829121 0.71227 -0.106637 -0.912397 0.329559 -0.181956 -0.724973 -0.927323 -0.711956 0.787071 -0.601825 -0.511847 -0.0369224 0.736543 -0.371512 -0.452236 -0.496691 0.693226 0.857014 0.842098 
-0.573775 -1.21658 -0.604155 0.42721 0.12866 -0.635484 0.699832 -0.180608 -0.404369 -0.184455 -0.549754 0.17396 0.64163 -0.21174 0.302386 -0.422122 -0.75047 0.116342 0.192392 -0.407872 -0.742467 0.638936 -1.02486 -0.422738 -1.06545 0.0297702 -0.184822 0.85124 0.0404044 0.862047 
0.0114661 -0.289409 -3.92386 0.28965 -0.800601 0.144779 0.018566 -0.169424 -0.498568 0.566447 1.9584 -0.767694 -0.46645 -0.0778946 -0.139143 -0.502238 0.84345 -0.849457 1.59882 -0.49705 0.339209 0.0817778 -2.71839 0.685896 -0.59085 0.242522 0.588098 0.616599 0.493166 -1.33679 
-0.437465 -0.768761 -0.842334 -0.675974 0.853478 -0.685195 -0.0774476 -0.201209 -0.173447 1.07297 -0.667247 1.14243 0.029198 -0.792257 -0.219303 -0.284614 0.195215 0.216833 -0.311752 -2.25704 -0.960144 0.123022 -0.183149 -0.853483 -0.563483 0.283523 1.03241 0.848721 0.082843 0.556524 
-0.0600572 0.129725 0.688455 0.166737 1.55453 0.403988 -0.302233 -0.0414761 -0.220459 0.817985 0.0695674 0.880661 1.22687 -0.302912 0.248823 -1.08111 -0.424961 -1.56677 -1.1297 -0.49821 -0.0664606 0.921427 -0.956445 -0.536141 0.649768 -0.850844 -0.484612 -0.278359 0.218317 -0.870037 
-0.301487 -0.514494 0.857982 0.642819 0.6016 1.0269 0.428706 0.611114 -0.379979 0.853601 -0.727547 0.00973194 1.78931 -0.824245 -0.388014 0.392522 0.876945 -0.630016 -0.394977 1.004 -0.800459 0.15391 0.373315 -0.256598 -0.383433 -0.00119941 -0.0976162 -0.720924 1.31912 -0.845087 
-0.23564 -0.993415 -0.586775 0.369201 -0.240509 1.04034 0.510161 0.797667 -0.314037 -0.483299 -0.485428 0.181897 -0.93137 0.653699 0.0264292 0.890134 0.218494 -0.310208 0.164411 0.752541 0.758078 -0.680727 -0.580776 -0.471892 0.274352 -0.944247 0.514985 -0.302861 -0.390334 -0.812691 
-1.01203 -0.96328 -1.00602 -0.674451 -0.614177 0.0884055 0.658492 0.199819 0.971392 -0.902094 0.452308 0.928474 0.121879 -0.951456 -1.07767 0.0631235 0.503952 0.495713 -0.85792 0.855386 0.147178 0.773414 -0.868712 0.355962 0.422931 0.484645 -0.975769 -0.465742 0.426562 0.0829486 
1.02201 -0.386327 0.496183 -0.0377169 -0.773702 0.208564 0.613526 -0.525261 0.513718 -0.959507 0.857416 -0.144489 -0.551925 -0.693597 -0.82824 0.906824 -0.732637 0.715229 -0.581513 1.07798 0.0780002 0.140697 -0.534853 0.95851 0.764986 0.0782355 -0.583774 -0.46874 0.773943 0.994838 
-0.00243458 0.552941 0.765706 0.349194 0.325546 -0.869853 -0.239971 0.489496 0.832975 -0.0505083 -0.814144 -0.828468 0.0148108 0.890769 -0.0855537 0.402722 -0.492301 0.263364 -0.0324179 0.124709 2.24266 0.804007 -0.950998 -0.944755 -0.623006 0.115296 -0.119348 -0.806236 0.631038 0.044888 
-0.595366 0.527827 0.453407 -0.518227 0.220507 -0.869005 0.319416 -0.395328 0.489418 -0.356527 -0.384641 0.684103 0.416993 -0.337771 0.286073 0.897323 -0.216685 -0.411954 0.40325 -0.222011 -0.839248 0.823215 0.857021 -0.124883 0.638598 -0.0464782 0.995452 -0.119449 -0.22909 -0.184378 
0.0887593 0.138697 0.665279 -0.815802 0.925699 0.0646541 0.482178 0.756117 0.10066 -0.854945 -1.06095 0.673116 -0.244759 -0.169954 -0.87093 0.374609 -0.411443 -0.0144554 0.797745 1.03435 1.00185 0.120676 0.499115 -1.56608 -1.14044 -1.40158 0.00642439 -0.692863 -0.152194 0.554784 
0.472629 -0.129741 -0.929351 -0.851353 -0.821703 0.75999 0.588328 -0.841217 -0.267424 -0.75295 0.99641 -0.799822 -1.58571 1.04119 0.208142 0.976411 1.23359 -0.0835923 0.607768 -0.487106 1.16761 -2.11735 -0.445385 -0.0643431 0.00680887 -0.360708 0.912179 -0.0377958 -1.02568 -0.219787 
0.602547 -0.0593212 -1.00362 -0.676645 0.284077 -0.724442 0.73891 -0.250744 -0.26087 -0.480598 -0.73099 0.624951 -0.237985 -0.296318 0.513061 0.254183 0.3036 0.559557 -0.870552 -0.936404 -0.0074007 -0.600992 0.232297 -0.0254425 -0.499903 -0.640244 0.404943 -0.994746 0.43505 0.745206 
0.0944302 -0.210484 0.799709 0.492777 -0.890977 0.63071 0.235853 0.795282 -1.11533 -0.53944 0.405961 0.906595 -0.169786 0.902153 0.627306 -0.850667 -0.428132 -0.880415 0.506505 -0.859522 -0.0874506 -0.401633 0.467434 0.169224 -0.160799 -0.919462 0.0257429 -0.694304 0.797824 0.612857 
-0.943477 0.636068 -0.663557 -0.784204 -0.83675 0.938918 0.429377 -0.930282 0.794752 -0.484895 0.0152749 0.4887 0.358983 0.645632 -0.853334 0.407939 0.527263 -0.291148 -0.364059 -0.222322 -0.556156 -0.187967 -0.192068 -0.872148 0.878348 0.874022 -0.961774 0.197942 -0.684391 0.0752603 
0.00683794 0.0653568 0.208864 -0.0112929 -0.182576 -0.741144 -0.811168 0.198879 0.866616 0.779506 -0.267238 -0.95111 0.888862 -0.384478 0.845433 -0.234618 0.686598 -0.232677 -0.235181 0.39642 0.35886 0.28512 0.00914136 0.771325 -0.977327 -0.220338 -0.78733 -0.701278 0.208161 0.425807 
0.837178 -0.857645 -0.590981 0.535428 -1.3178 0.0162253 0.250164 -0.460006 0.822289 -0.979899 0.372498 -0.0987238 0.0872747 -0.668751 -0.621742 0.395348 -0.372816 0.167981 0.30949 -0.872809 0.240582 -0.039631 0.461356 -0.41227 -0.958089 0.177952 0.342874 -0.657155 0.224887 -0.74755 
-0.870805 -0.533379 -0.376719 -0.301911 0.332332 0.28607 -0.246941 -0.361722 0.0279985 0.136902 0.899469 -0.474584 -0.910283 -0.798376 -0.593444 0.16585 -0.0704491 0.543921 -0.883569 -0.467695 0.406434 0.104907 0.853066 -0.498406 0.696407 -0.868405 0.143272 0.891593 0.64371 -0.135258 
0.881273 -0.389629 2.14641 -0.499535 -0.506814 -0.89043 0.128824 -0.980736 -0.0992046 -0.399886 0.532784 1.0863 0.50711 0.556461 -0.152075 0.645922 0.537247 1.34739 0.524348 0.0113845 -0.881678 -0.378516 -0.255819 0.067247 -0.507665 -1.72351 0.729772 0.0698874 0.860745 0.622842 
-0.725727 0.00200132 -0.375089 0.162096 0.0209827 -0.83964 0.550472 -0.00573802 0.202303 0.113833 0.967333 0.894546 -0.965266 0.579896 0.359994 0.700527 -0.699981 0.0481532 -0.722596 -0.892096 -0.609688 0.491589 0.119221 -0.181705 -0.227178 0.0361122 -0.101683 0.116102 -0.900802 -0.123264 
