-0.57777 0.00210565 0.732223 -0.518955 0.200593 0.233227 -0.56367 -0.0133862 -0.353305 0.683268 -0.235878 -0.603392 -0.953468 0.316426 0.842218 0.0578784 -0.966292 -0.00375417 0.502146 0.962247 -0.937993 -0.153304 0.251126 -0.0234128 0.512007 -0.530196 -1.01012 0.259928 -0.1122 0.327275 -0.176739 0.712443 -0.0628433 -0.748562 0.104739 -0.267202 0.791902 0.181767 -0.117993 0.711351 -0.786738 -1.01864 -0.146774 0.942302 -0.356723 -0.41513 0.393403 0.166572 0.833392 0.10822 
-0.187892 -0.202786 0.572597 -0.602683 -0.392598 -0.422615 -0.752563 0.973854 0.855941 0.121176 -0.261417 -0.67539 -0.774079 -2.47413 -0.0967139 -2.15337 0.475888 -1.01893 -0.477142 0.0886559 0.158371 0.459359 0.932238 -0.527194 0.518005 0.307857 0.399968 -0.550568 0.40125 -0.714781 -0.0436783 -1.00717 -0.721104 -0.64122 0.263904 -0.840588 0.829411 0.0291875 0.455362 0.627581 0.0717043 0.259412 -0.550249 -0.225705 0.988518 -0.970249 -2.36382 0.503762 0.358756 0.220208 
-0.599119 0.306237 0.112567 -0.204123 0.645481 -0.333466 0.129404 -0.630045 -0.344127 -0.496838 0.809552 -0.462805 -0.582765 0.482442 0.501949 0.600245 0.648383 0.602392 0.325482 0.691251 0.471407 -0.478158 -0.593402 0.648235 -0.141903 0.781229 -0.620533 0.0735696 0.467797 -0.211603 -0.542765 -0.369787 0.200443 0.845499 -1.11034 0.11971 -0.110131 0.825588 0.670386 0.0694035 0.616527 -0.950344 -0.0209487 -0.132762 0.247183 0.766054 0.961303 0.400992 0.194586 0.137775 
-0.371934 -0.176948 -0.0535021 0.0845301 1.56848 0.0794548 -0.492073 -0.891185 0.879427 -0.0109532 0.406826 -0.380924 -0.746336 0.450351 0.705688 -0.960516 0.69753 0.123542 -0.721128 -0.844588 0.686051 0.802915 -0.353042 0.450566 -0.65476 0.0902576 -0.132104 -0.797557 0.349027 -0.0553131 0.854925 -0.845136 0.0314282 0.238071 0.0697873 -0.591014 0.661574 -0.313733 0.186012 0.608689 -0.955327 0.73949 0.311653 0.0235276 -0.221758 -1.0969 -0.0495097 1.04051 0.893491 -0.553867 
0.637572 -0.355446 0.676229 -0.716192 0.435466 0.00508303 -0.179734 0.225099 0.0038051 -0.0747743 -0.906328 -0.40465 -0.576612 -0.198674 -0.232222 -0.111529 0.267604 -0.505417 0.726418 0.655322 -0.653487 0.756852 1.06154 -0.60661 0.676514 0.0830272 0.503389 -0.328506 -0.695749 -0.264889 0.493388 -0.464255 0.884273 0.673392 -0.316914 -1.01524 -0.394295 -0.394908 -0.213569 0.116131 0.0433879 0.793696 -0.0366098 -0.833598 0.385839 -0.113042 -0.652379 -0.816611 -0.632373 0.986351 
-0.624139 -0.903099 -0.0270773 0.572638 -0.549172 -0.660414 -0.632321 0.474897 0.733013 -0.256333 0.43724 -1.1545 -0.664506 1.17127 0.00228623 -0.177313 0.912387 0.0459348 -0.636304 0.02708 -0.466487 0.274112 2.22604 0.77525 1.06061 -0.449994 -0.827209 -0.0136274 0.366178 0.316221 -0.804497 0.696649 -0.828078 -0.569741 -1.03283 -0.0040859 -0.290515 0.749479 0.167926 0.764377 -0.0705094 -0.429325 -1.16155 0.0623786 -1.07061 0.0828855 0.142687 -0.405348 -0.387313 -0.947555 
0.366229 -0.989723 0.165539 -0.0680478 -0.166513 -0.317751 0.872216 -0.956336 0.941979 -0.835538 0.434325 0.173629 -0.990241 0.79942 -0.570113 0.286051 0.654476 0.671656 0.440514 -0.971712 -0.350593 -0.67331 -1.16398 -0.790278 0.699407 -0.810593 -0.196324 -0.398687 -0.456765 0.955934 -0.579907 0.918929 -0.176638 -0.901712 -0.217945 -0.178701 0.402002 0.262279 0.00481669 -0.618018 -0.957183 0.0620023 0.56448 -0.909256 -0.652506 0.338974 0.926109 0.649192 -0.115249 0.313577 
-0.0177436 0.239628 0.68977 0.0591588 0.638658 0.288497 -0.44611 -0.144566 -0.367185 0.699719 0.632953 0.791778 0.871753 -0.360107 0.295555 -0.460426 -0.250905 -0.904497 -0.904545 -0.274405 -0.0836206 0.552564 -0.773919 -0.754294 0.619894 -0.681501 -0.526099 -0.331562 0.148699 -1.14354 -0.322707 -0.572302 0.836048 0.770684 0.878499 0.800368 0.379865 0.509159 -0.413952 0.65842 -0.771281 0.419549 0.604906 -0.848372 -0.385316 0.482995 0.774916 -0.709075 -0.429792 0.912315 
-0.777704 0.494187 0.400687 -0.231686 -0.353153 0.0211443 -0.0687603 -0.708856 1.03625 -0.790602 0.156261 -0.897343 -0.197341 0.632939 -0.282488 1.04021 0.508891 0.780818 -0.318228 -0.512495 -0.350147 0.219763 -2.05162 0.97079 0.159854 1.02358 0.31461 -0.176453 0.253385 0.903482 0.851066 -0.615601 0.376925 -0.4339 0.364528 -0.882339 0.570179 -0.255505 -0.27475 -0.778163 -0.898873 -0.82884 -0.858137 -0.607597 -0.75525 0.196392 0.702217 0.260009 0.810682 -0.0639442 
0.480244 0.904392 0.296462 -0.995834 -1.09913 0.0457617 0.493576 0.345904 -0.909144 0.827753 -0.572508 0.625893 -0.897146 0.58428 0.420601 -0.799769 -0.847155 -0.409441 0.480626 0.0613269 1.17874 -0.252279 0.453882 0.0903924 -0.491769 0.455104 0.673462 -0.303145 0.282785 -1.0209 0.555707 0.102914 -0.610601 -0.798405 -0.70106 0.748411 -0.872914 0.397847 -0.566912 0.664162 -0.0359513 -0.010486 -1.02712 0.879858 0.555675 0.0143471 -0.534825 -0.726208 0.830096 0.193014 
-0.0419362 0.547453 0.718764 -0.72045 0.380166 -0.848284 -0.215805 0.519237 0.960096 -0.0358052 -0.923038 -0.800754 0.0514152 0.791733 -0.0622012 0.385753 -1.00155 0.56364 -0.0321682 0.11333 0.848283 0.69142 -0.955127 -1.02336 -0.746576 0.0319846 -0.155926 -0.888805 0.665794 0.052826 -0.756715 0.251165 0.283226 -0.0228254 0.261962 -0.88784 0.396111 -0.364839 0.528676 -0.245751 -0.568802 0.662699 0.394195 -0.0195019 0.169265 0.708422 -0.467788 -0.597267 0.198069 -0.383429 
-1.00199 0.784288 0.643322 -0.211904 0.477687 -0.120779 0.919012 -0.190137 -0.291253 -0.205902 0.0689259 0.0310606 0.630006 -0.533163 0.726576 0.0202859 0.357999 0.815741 -0.00159338 -0.947568 -0.285945 0.600232 -0.136254 -0.440148 -0.895946 -0.261408 -0.431016 -0.0310468 0.348846 0.729868 -0.0912939 0.102791 0.236713 -0.862566 -1.02749 -0.539491 -0.0274684 -0.671253 -0.166807 0.485253 0.159035 -0.437426 -1.03054 -0.89282 -0.578093 0.767051 0.548182 -0.857214 -0.311826 -0.703031 
0.690894 -0.841026 -0.48252 -1.37735 -3.30522 0.830594 0.504087 -0.460648 0.57313 -6.08437 -0.729476 -0.148664 -0.767134 0.0108805 -0.217477 -0.711479 0.594403 0.548804 -1.02993 -0.403014 0.636311 0.308011 -1.02176 -0.258588 0.11631 -0.572101 0.789274 -0.130734 -0.414601 -0.431303 -0.777415 0.574385 0.2476 -0.35002 0.671323 0.549989 0.535724 1.47354 -0.496185 -3.34796 0.0117665 -0.470734 0.722688 -0.0591727 -0.531649 0.950651 0.37833 -1.04947 0.408296 -0.421509 
0.155631 -0.0526467 0.528269 0.442316 -0.939235 0.592399 0.237976 0.752426 -0.977676 -0.568117 0.420927 0.842426 -0.192022 0.900544 0.729037 -0.792244 -0.267103 -0.66943 0.607159 -0.770631 -0.0550589 -0.0778197 0.488529 0.18663 -0.125983 -0.899536 0.0539788 -0.678628 0.572683 0.443313 -1.01189 0.685132 -0.656126 -0.694145 -0.839613 0.920524 0.38781 -1.02694 0.804775 -0.557771 -0.0520223 0.427811 0.331399 0.644932 -0.942452 0.421905 0.718324 -0.410678 -0.343856 -0.317552 
-0.636752 -0.33142 -0.27602 -0.85469 1.36319 0.872354 -0.979059 0.202501 -0.69254 0.109307 -0.13653 0.000125104 0.181892 0.0701954 -0.155957 -0.827066 -0.896656 -0.677292 0.814043 0.724299 -0.345927 -0.993178 0.730851 -0.383167 0.714059 -0.322707 0.597426 -0.322881 -0.299285 0.351171 0.296322 0.203273 -0.867861 0.714065 -0.998383 -0.198933 -0.808714 -0.655436 0.203004 0.382533 0.930941 -0.778671 -0.75905 2.56869 -0.941234 -0.060482 0.188038 -0.379445 0.782722 -1.01633 
0.371252 0.205122 0.231827 -0.682762 -0.270339 0.467455 -0.287446 0.726918 0.367102 -0.780709 0.220898 -0.0137456 0.543924 -0.473662 -0.917221 0.276257 0.326735 0.677821 0.308845 -0.707205 -0.953258 -0.676451 -0.524086 -0.378539 0.324603 0.217712 -0.234841 -0.442815 0.123798 0.147968 0.88298 -0.576463 0.641715 -0.791615 -0.671011 0.0749516 -0.176232 0.454468 -0.960356 -0.510943 0.388295 0.0849462 0.82818 -0.380156 0.696346 0.391586 0.0884181 0.887962 0.577307 -0.0901837 
0.814429 -0.398429 0.883619 -0.181148 -0.114568 -0.571216 0.433952 -0.708796 0.288783 -0.0787976 0.475426 0.848149 0.511146 0.588203 -0.154712 -0.179514 0.447316 0.401809 0.529406 0.915716 -0.927859 -0.106886 -0.922354 0.0766854 -0.424617 -0.921807 0.758218 0.0981945 0.91782 0.841517 -0.76608 -0.122799 -0.588537 0.191162 0.0799129 -0.798829 0.595916 0.0561196 0.217238 0.168853 0.88465 0.935913 -1.00881 0.569463 0.306909 0.368823 -1.24265 -0.182264 -0.846323 -1.26362 
-0.66342 0.446682 -0.0054879 -0.171694 -0.177416 0.010413 -0.140862 0.084657 -0.681932 -0.227234 0.893129 0.244653 -0.615796 0.97822 -0.035939 0.413079 0.487032 -0.310638 -0.742446 -0.296957 -0.346414 -0.464271 -0.113943 0.358194 -0.0249866 -0.181101 0.449073 -0.631065 0.915713 1.20195 -0.555931 0.117012 -0.351502 0.883044 -0.840302 -0.704339 0.622216 0.69251 0.720922 0.184453 -0.0853442 0.228951 0.760771 -0.895798 -1.01692 0.229261 -0.580898 -0.94382 0.324364 -0.470852 
1.00512 0.780136 -0.170115 -0.0930072 -0.76341 0.107897 -0.772052 -0.422049 -0.213007 -0.381019 -0.54985 -0.00145344 -1.04129 -0.531097 -0.0773199 0.990715 -0.616941 0.944051 0.780843 0.421576 -0.186371 0.260589 -0.0220935 -0.592932 -0.29027 0.161108 0.492924 -0.932155 -0.0441609 -0.722114 0.44898 -0.0703228 -0.656963 -0.967432 0.320737 -0.942637 -0.709263 0.586994 -0.15045 0.386992 -0.561021 -0.452122 -0.552058 0.141993 0.713711 0.541286 0.10448 0.878981 -0.0948736 0.804657 
-0.0959573 0.110509 0.862882 0.58391 -0.578096 -0.0841095 -0.256143 0.468543 -0.71002 0.338859 0.934078 1.20765 0.230111 1.15881 0.0546645 0.447529 -0.401427 -0.0636171 -1.1902 0.987168 -0.373606 -1.03607 0.767653 0.474309 -0.157535 0.509689 0.917347 0.377776 1.33136 0.685353 -0.0890252 0.712014 -0.714516 0.81578 1.12125 0.776102 0.214325 -0.430432 0.382839 0.115602 0.557003 0.65443 -0.661637 -0.128015 -0.385863 0.232908 -2.1886 0.108043 -0.311538 0.509163 
0.321174 -0.822675 0.32678 0.020856 0.125763 -0.780379 -0.941532 0.365507 0.360908 0.675857 -0.697307 0.307892 -0.742108 -0.596584 -0.271134 1.26596 -0.895669 -0.0733227 0.628915 -0.473295 -0.370555 0.529596 2.00741 -0.782704 0.937575 -0.894547 0.71526 0.649952 0.0942866 0.13103 -1.00842 -0.244796 -0.288089 0.845165 0.111668 -0.198786 -0.890247 -1.06381 -0.639694 -0.968979 0.225725 0.955723 -0.544894 0.386502 0.371751 0.700392 0.590699 -0.862049 -0.336788 -0.70963 
0.565079 -0.850244 0.365078 -0.0858577 -0.440971 0.136073 -0.941448 0.254144 -0.645404 0.482653 0.477312 0.804144 0.763451 -0.97146 -0.214948 -0.523434 -0.33492 0.464475 -0.0749514 0.550942 -0.214952 -0.511426 0.456342 0.678704 -0.575182 0.178543 -0.581432 -0.331435 0.368299 -0.844028 0.573449 -0.414909 -0.581952 -0.220233 0.318567 -0.161431 0.186076 1.04899 0.155041 -0.692494 1.00607 0.976076 -0.101383 0.245053 -0.520622 0.343393 -0.464947 0.31934 -0.364922 0.0804728 
-0.287671 0.570506 0.173733 -0.186029 -0.216582 0.554074 0.308635 -0.636479 0.365538 0.692515 -0.153873 0.242094 -0.187289 -0.162039 0.0174244 0.530158 -0.709781 -0.131696 -0.957092 0.101306 0.00069834 -1.11462 -0.339584 -0.991957 0.44818 0.0614427 0.84031 -0.0715665 -0.868579 -0.848258 0.752698 -0.297787 0.384926 -0.758125 0.785381 -0.382977 0.379867 -0.0697383 0.0420717 0.953845 0.862704 -0.000304992 0.0655889 0.850826 -0.358048 0.42904 -1.48933 -0.547038 -0.339757 0.569354 
0.560072 -0.409283 -0.279968 0.511283 0.148962 -0.209894 0.970106 0.892716 -0.0372789 -0.871717 -0.0184054 0.661861 0.82991 0.499991 -0.709872 -0.292658 0.49147 0.561483 0.43013 -0.341407 0.690031 0.695843 -0.564801 0.209997 -0.209984 0.749865 0.280042 -0.169996 -0.805555 0.760033 0.980109 0.720112 -0.0421896 0.270126 -0.513225 -0.913955 0.956994 -0.605166 -0.449969 -0.748537 -0.629877 -0.809958 0.140106 0.559124 0.238661 -0.736392 0.606934 0.107377 0.473274 -0.198293 
0.374909 0.849371 0.0722932 -0.0431747 -0.904685 -0.631613 -0.918427 -0.160362 0.946534 -0.268219 0.942223 0.189424 0.778909 0.333583 -0.319011 0.15646 0.533662 -0.109109 0.683597 -0.760573 -0.564503 -1.05318 0.216451 0.883695 -0.171483 -0.17628 -0.208692 -0.593083 -0.0301223 -1.01349 -0.759393 -0.0489283 0.463134 -0.259009 -0.933549 -0.957151 -0.0935494 0.839667 0.768122 -0.733174 -0.363102 -0.688699 0.648666 0.827155 0.976537 -0.891668 0.755447 -0.22073 -0.381978 -0.386236 
0.665078 0.11097 0.00591376 -0.422066 -0.49416 0.573893 0.00598984 -0.831548 0.53065 0.988151 -1.23102 0.459985 0.399879 0.176752 0.754655 -0.196379 0.392755 -0.00950743 -0.451844 -0.0653443 -0.551873 -0.370133 -0.0063816 -0.882148 0.994158 -0.59643 -0.411796 0.10068 1.21746 -0.532013 -0.746962 -0.642627 0.877355 -0.708453 -0.195228 0.0590612 -0.662771 -0.322133 0.925764 -0.329523 -0.855637 -0.867094 -0.790814 -0.897019 0.918073 1.11067 0.557619 -0.555062 -0.548128 1.51661 
-0.979977 -0.42656 -0.996736 -0.333374 -0.378238 -0.196791 0.543226 -1.03856 0.781762 0.673191 -0.171385 0.661624 -0.146733 -0.212587 -0.649964 0.00853796 -0.651383 0.628573 0.430043 0.763431 0.083224 0.646387 -0.470634 0.86966 0.471854 0.413226 0.113215 -0.876763 0.471683 -0.972757 0.246649 -0.0300508 0.168538 0.263401 0.0032156 0.952765 0.191408 -0.728217 0.391866 0.451761 -0.376767 -1.02596 0.683226 -0.0599559 0.816369 -0.101458 -0.211151 -0.736531 0.0584992 -0.506839 
0.297431 -0.14351 0.558224 0.172858 -0.977685 0.337298 -0.863951 -0.950856 0.0448651 -0.00447136 -0.635117 -0.895541 -0.149209 0.780711 0.747927 -0.896389 0.572143 0.98364 -0.840384 -0.0378617 0.12169 0.223 0.439669 0.405488 0.867174 0.769372 -0.825947 -0.239669 -1.04487 0.0128557 0.530791 0.382468 -0.278758 -0.446236 -0.135298 -0.524309 0.54344 -0.0055352 -0.523791 0.599104 -0.0638178 -0.680906 -0.161904 -0.998842 0.692048 0.987846 -0.318253 0.883106 0.617842 -1.13293 
-0.474888 -0.488189 1.01199 -0.934948 0.603837 -0.425475 -0.418691 -0.011737 0.0573895 0.626859 0.317124 -0.0238131 0.386228 -0.387919 0.54299 -0.784137 -0.0810807 0.928752 -0.762645 -0.358189 0.66541 -0.170768 0.181241 0.615738 -0.313612 -0.525466 -0.278153 0.324506 -0.552787 0.133751 -0.0636187 0.515157 0.796407 0.65334 0.724502 -0.126001 -0.816109 -0.752269 -0.180604 -0.394096 0.0661989 0.0845299 -0.630458 0.22159 -0.92389 0.263534 0.424042 -0.417738 0.507379 -0.966062 
-0.353423 -0.756449 0.944482 -0.92112 0.802852 0.720881 0.980779 0.191199 0.420619 -0.00310077 0.0377717 -0.938933 -0.827831 0.301274 0.205243 -0.922467 0.0518618 -0.00799835 -0.155729 -0.591515 0.732615 1.00381 -0.166164 -0.510055 0.107846 -0.938289 0.827822 0.387986 -0.850195 0.210202 0.182372 0.0528886 0.580804 -0.756983 0.248 -0.879544 -0.109826 0.400609 0.602429 0.616751 0.112372 0.750329 0.480647 0.608303 -0.523226 -1.168 0.271884 0.522169 0.272595 -0.530367 
0.8151 -0.023392 -0.347973 0.850458 -0.448326 0.151245 0.761245 -0.0362417 -0.738323 -0.812805 -0.219635 0.710926 -0.506294 0.907281 -0.366237 0.321343 -0.765499 -1.00166 -0.948824 -0.491839 -0.524008 0.695926 1.01772 -0.240719 0.780407 0.393518 0.635584 0.138091 0.312964 0.914562 0.743796 0.205008 -1.13092 -0.106177 0.325847 0.906554 -0.0440121 0.793125 -0.792779 0.0904572 -0.480154 0.776611 -0.0782342 -1.05366 -0.849323 -1.07121 -0.742475 -0.641219 0.115351 1.63817 
-0.767881 0.90396 0.872149 0.429528 -0.138377 0.726888 0.870536 -0.244655 0.955427 0.309155 0.381999 0.137758 0.0238453 -0.813131 -0.856389 0.415609 -0.746389 0.411114 0.750733 -0.266952 0.881259 -0.47886 0.000945639 0.0625708 1.05255 -0.533874 0.642856 -0.326644 0.491349 0.050663 0.926827 0.162272 0.645562 0.540162 -0.319869 0.770219 0.405937 -0.509631 -0.875896 0.365471 -0.713113 0.936542 -0.53008 -0.236677 -0.694 -0.299885 1.196 -0.474058 0.0833525 -0.580566 
-0.0704422 -0.968462 -0.260497 -0.503756 0.848907 0.707625 -0.168671 -0.208115 0.255937 -0.218659 0.278153 -0.99833 -0.166395 -0.538888 -0.0827696 0.136127 -0.352402 -0.138183 0.363964 -0.273396 -0.0424722 -0.0224065 -1.62458 -0.618756 -0.786037 -0.884991 -0.382364 -0.511924 -0.3538 -0.852372 -0.91336 -0.0424062 1.75391 -0.133313 -0.0529451 0.769547 -0.167523 -0.712109 -0.182152 -0.423467 0.601713 0.266374 -0.0999775 0.395413 0.844483 0.376383 0.686282 0.682413 0.822073 -11.3706 
0.563563 -0.00316482 0.0698455 0.68953 0.809575 -0.77023 0.787081 0.186256 0.729539 0.00125811 -0.0286985 -0.68313 -0.343607 0.00360347 -0.603766 0.989911 -0.268802 -0.938535 0.536395 -0.264225 -0.116394 -0.864669 0.919814 0.339478 -0.817374 -0.123756 -0.566367 0.896244 -0.352427 -0.850428 -1.04366 0.839093 0.322315 0.603845 0.434859 -0.269112 0.196872 -1.01024 -0.356467 -0.400308 0.526794 -0.110533 -0.700405 -1.03376 0.497476 1.01147 0.821194 -0.583041 -0.218796 -0.558556 
0.0401703 0.848465 0.514899 -0.459583 -0.603274 -0.783882 -0.523873 0.371864 -0.446793 -0.592972 -0.618761 0.146033 -0.593993 -0.796935 0.503027 0.132781 0.863551 -0.953709 -0.394875 0.872081 -0.577621 -0.322642 1.00169 -0.573905 0.292379 0.997527 0.766123 0.776119 -0.551191 -0.308518 -0.863479 0.659337 -0.807721 -0.602616 -0.373872 0.667314 0.0058401 0.540332 0.350686 -0.779843 -0.433885 -0.823875 0.587042 0.792008 -0.528486 0.125623 0.672624 0.229984 0.193968 -0.447328 
0.164809 0.79368 0.00812117 -0.845144 0.519284 0.816798 1.07177 -0.274299 0.0284876 1.10011 0.134736 0.850372 0.371216 -0.0521912 0.591018 0.325688 -0.517237 -0.367037 -0.0495811 -0.179555 -0.583547 0.165744 -0.0234203 1.1284 0.623872 0.213432 0.902994 0.780923 0.770317 -0.637886 0.778149 0.781909 0.281972 0.20815 -0.480764 2.48772 1.12927 1.15849 0.909357 0.946928 -0.301098 -0.765286 0.241165 0.884875 -0.16595 0.29107 0.404511 -0.633328 0.268121 0.828812 
-0.434123 -0.356791 -0.3651 -0.515112 -0.521685 0.349816 0.393388 -0.176577 0.528071 -0.599595 0.572894 -0.570913 -0.188248 0.0793142 -0.38293 -0.0705818 0.254963 -0.94524 -0.0973807 0.557801 -0.538812 -0.0992363 -0.321169 0.446195 -0.259671 0.536147 0.20614 -0.196939 -0.119986 -0.299813 -0.749291 -0.0425814 0.00890237 -0.275142 0.87402 0.513353 0.44359 1.31428 -0.374893 -0.676119 -0.819018 0.793554 0.703401 -0.0657975 0.517466 -1.11566 -0.776252 -0.618969 -0.983815 -0.348666 
1.11688 0.0415627 0.422111 1.6295 0.418622 -5.30111 0.572212 0.125461 1.36352 0.318044 2.88881 -0.453284 1.3557 0.2614 1.62053 0.499172 0.322141 0.180909 0.740929 0.89077 0.734904 1.3012 -15.5582 0.0657672 -0.838108 -0.531401 0.947822 0.373096 1.20583 1.74694 -1.61905 0.528556 0.088786 -0.169207 1.06863 1.17236 0.444544 1.58519 0.195709 1.25303 -4.90969 0.206507 0.774793 0.317003 -0.459316 0.756748 0.770075 0.621224 0.177301 15.3472 
-0.395846 -0.531796 0.564602 -0.0507265 0.229239 0.319238 -0.916466 -0.92292 -0.350723 0.859253 0.247689 -0.730608 -0.826439 -0.246474 -0.438736 -0.20584 -0.546919 0.733996 0.121236 -0.438762 0.961252 0.0136655 -0.214719 -0.209601 0.251173 0.333524 -0.796479 0.0235258 0.295917 -0.0264857 0.32011 0.576609 0.503646 -0.0515864 0.699319 -0.0405827 0.359399 0.38928 -0.868748 0.419277 -0.0964382 -0.10068 -0.436468 -0.628759 0.715917 0.114106 -0.735843 0.649759 0.513086 -0.788878 
-0.773545 0.6089 0.870394 0.502953 0.383158 0.162771 -0.0600581 0.817449 0.942752 0.195595 -0.589865 -0.2944 -0.154416 -0.821039 0.062624 0.521625 -1.03993 0.97377 0.262415 -0.718404 0.899867 -0.246864 -0.711216 -0.0141691 -0.470204 0.599429 -0.510012 0.03954 -0.964328 0.099308 0.419928 -1.15088 -0.694272 0.760972 0.789339 0.179994 0.662792 -0.746832 -0.93022 0.232953 0.230059 -1.03723 0.439929 0.244577 0.842623 0.872569 -0.26355 0.205767 -1.0632 0.622082 
-0.113898 0.56567 -0.142428 0.337542 0.55449 0.30469 0.704697 -0.0845839 0.0596679 0.189345 -0.670477 -0.520566 0.0691966 0.800341 0.605289 -0.943952 -0.585187 0.137246 2.19103 0.899103 -0.73485 -0.154832 3.23066 0.571778 0.055556 0.504685 0.65469 -0.625312 1.52201 0.448807 -0.760807 -0.725843 0.616439 0.829151 -0.261649 -0.824832 0.124688 -0.156359 -0.441345 -0.762449 -0.564828 -0.665311 0.69455 0.540346 0.988295 0.783739 -1.00419 0.988441 1.04811 14.251 
-0.693456 -5.42349 -0.929926 0.962522 1.14131 -0.0968992 0.493114 -0.778283 -0.275768 -0.291297 2.24682 0.159078 -0.949554 -0.373288 -0.708045 0.735355 0.0696798 -0.383772 -0.294131 -0.373979 0.279169 0.0731135 0.649191 1.14061 -0.0408115 1.11917 -0.65099 0.268088 -0.653992 -0.433289 0.659269 -0.890653 0.38171 0.091794 -0.51099 0.723113 0.183113 -0.165769 -0.501923 0.342522 0.430873 -0.751911 -0.0468863 -0.953444 0.00347706 -0.585216 -0.514034 -0.177465 -0.277162 -0.0504563 
-0.0941026 0.103556 1.02968 -0.352966 -0.00746136 -0.330342 -0.245441 -0.0203249 -0.215992 0.88022 -0.904413 0.589618 -0.848079 -0.903693 -0.71189 0.152482 -0.923837 -0.504809 -0.911088 0.146379 -0.563354 0.634836 -0.245752 -0.672518 0.3782 -0.746467 0.654131 0.813539 0.794716 0.687359 0.823382 -0.42878 -0.360811 0.65789 0.0976609 -0.182879 -0.64277 0.600424 0.170416 -0.732852 -0.322989 0.264562 0.554504 1.03664 -0.371002 -0.454572 -0.760128 -0.953942 0.895399 -1.23338 
-0.168148 0.0545459 -1.05512 0.659129 0.310071 -0.359968 0.188855 0.624633 0.120002 0.1389 -0.875569 0.204636 0.57129 -0.789161 -0.704725 -0.338148 -0.750307 -0.128121 0.785346 0.774544 0.197154 0.369076 -0.454249 0.713315 -0.962848 0.489567 -0.695494 0.695629 -0.995977 -0.842171 0.459857 -0.325885 -0.285452 0.59503 0.864508 0.539564 -0.523428 0.48359 0.715167 -0.28087 -0.329982 -0.61343 0.248856 0.894593 -0.666189 -1.05586 0.279726 -0.139403 -0.990274 0.31445 
0.697734 -0.618958 -0.162492 -0.249915 -0.860006 0.799999 -0.474584 0.143052 0.759999 0.38551 0.739377 -0.688191 -0.73937 0.437696 0.5295 0.137285 0.375678 0.280542 0.679224 -0.918271 0.871579 -0.714715 1.23657 0.225727 0.77034 -0.921961 -0.821161 -0.101352 -0.434335 -0.31607 -0.459449 0.87338 -0.0461201 -0.568271 -0.709969 -0.720086 -0.370006 0.889988 0.9082 0.210068 -0.659488 -0.0799664 -0.056429 0.0919627 -0.294565 -0.406772 0.287005 0.790538 0.497411 0.374604 
-0.513529 -0.75915 -0.60119 -0.131219 -0.518201 0.358522 -0.976843 -0.0318228 0.618782 0.608125 0.156302 -0.102067 -0.786905 0.110019 0.916373 0.611525 0.345525 -0.30941 -0.821558 0.37113 0.338814 -0.0668131 -0.715005 0.803261 -0.771443 0.953306 -0.709965 0.23338 0.843983 -0.333452 0.562946 -0.14201 -0.336491 -0.0100505 -0.100114 0.919776 -0.0501175 0.160921 0.678821 -0.301219 0.223095 0.689886 -0.0900044 -0.161446 -0.849898 -0.522322 -0.840892 -0.146905 0.532073 -0.208015 
-0.362288 0.27364 0.336494 0.553885 -0.73615 -0.12507 0.661478 0.447589 0.814026 -0.010256 -0.525341 -0.910934 -0.834584 0.206068 0.0860253 0.213327 0.183232 -0.332343 0.281954 0.030073 -0.150777 -0.0332621 -4.8487 -0.60141 -0.776473 -0.958487 -0.945755 -0.708407 0.204416 0.381599 -0.238429 0.743535 -0.570619 0.0216392 -0.0595804 0.238249 0.344206 0.563846 1.02197 -0.776147 0.85979 0.094204 0.544026 -0.574258 -0.458484 0.189228 0.402986 -1.08239 0.127122 -0.697609 
-0.579529 0.831544 0.726572 -0.305244 -0.917483 0.82766 -0.342443 -0.62279 -0.627479 -0.805127 -0.17379 -0.302692 -0.542692 -0.283208 -0.849847 -0.157095 0.835963 0.512435 0.730392 0.317145 0.916526 0.877027 0.462998 1.02369 -0.913489 0.469679 0.51576 -0.0280872 -0.0661016 -0.272755 0.263049 0.809844 -0.258262 -0.519344 -1.73238e-05 -0.790001 -0.810115 0.69559 0.296514 0.55475 0.35766 0.615461 -0.418071 0.90576 0.893902 -0.0481087 -0.573984 -0.896871 -0.134445 -0.838048 
0.374308 -0.975887 -0.176155 -0.698614 0.530892 0.275552 0.578031 1.03788 0.607286 0.955434 -2.13313 0.588293 0.236132 -0.690908 0.922386 0.659369 0.394861 -0.418254 0.646162 -0.607569 -0.25562 0.712968 -6.14661 0.965077 -0.267205 0.933248 -0.00216533 -0.15747 -0.00714334 0.765821 0.652742 0.915142 0.107872 0.532388 0.693766 0.604261 0.655442 0.484427 0.523778 0.534427 0.270662 1.1235 -0.367487 0.448334 -0.369697 -0.335934 -0.36399 0.652684 -0.304907 0.879854 
0.360525 -0.954345 0.855871 0.36868 -0.520402 0.808819 0.51336 -0.831314 -0.520402 -0.811606 1.02552 0.298903 -0.611148 0.0966573 0.174453 -0.584458 -0.654099 -0.0141603 -0.624924 0.958868 0.186635 0.844199 0.500546 -1.02513 0.275243 0.826603 -1.0236 0.466633 -0.243885 0.659598 0.116869 0.0535648 -0.242504 0.661356 -0.73358 0.151179 0.426203 0.368684 -1.00525 0.548682 0.498903 0.233359 -0.986641 -0.396625 0.496071 -0.477562 0.195878 -0.736625 -0.124168 0.0436209 
